25351559265201262
25351090245201348
25351297806201197
25351122300201397
25351618447201211
25351601453200783
25351302970201352
25351015464200401
25351557849201356
25351602704201139
25351550580201062
25351105492201043
25351751912200918
25351428279201231
25351297806201197
25351122300201397
25351699140201163
25351699140201163
25351081577201401
25351289442201351
25351569994201315
25351003750201122
253510279470028
25351602704201139
25351027718201383
25351557354201390
25351457567200780
25351105492201043
25351314981201161
25351428275201224
25351196142201274
25351090245201348
25351620533201290
25351606504201287
25351616634201237
25351672113201272
25351722476200910
25351289442201351
25351569994201315
25351065440201416
25351330411201235
25351682285201316
25351603861200929
25351218020201167
25351557849201356
25351238153200419
25351379420201351
25351135693201298
25351259273201346
25351653973201335
25351104305200804
25351559265201262
25351606504201287
25351606864201211
25351606864201211
25351699140201163
25351722476200910
25351616768201210
25351616768201210
25351015464200401
25351105492201043
25351105492201043
253510398650143
25351346446201093
25351620533201290
25351608887201237
25351616634201237
25351616634201237
25351297806201197
25351616382201244
25351601453200783
25351601453200783
25351682285201316
25351653983201357
25351675324201234
25351220012201410
25351105492201043
25351034070200363
25351428265201219
25351090245201348
25351620533201290
25351699140201163
25351081577201401
25351201125201116
25351616382201244
25351281305201121
25351542916201111
25351548586201320
25351358774201235
25351720774201347
25351314981201161
25351061998201187
25351001675200530
25351751946200973
25351013792201148
25351606504201287
25351608887201237
25351122300201397
25351699140201163
25351081577201401
25351616768201210
25351065440201416
25351616382201244
25351614898200812
25351027718201383
25351034071200316
25351013865201184
25351407875201201
25351297806201197
25351190277201114
25351122300201397
25351122300201397
25351003750201122
25351201125201116
25351616382201244
25351618447201211
25351618447201211
25351698679201274
25351497281201272
253510037440216
25351457567200780
25351105492201043